507.8754999999998
507.73699999999945
507.66369999999966
507.65449999999953
507.5961999999996
507.54639999999984
507.5033999999996
507.53839999999974
507.52519999999953
507.5971999999995
507.5201999999995
507.57209999999986
507.5640999999998
507.63839999999965
507.63039999999984
507.60569999999973
507.60569999999956
507.60419999999976
507.5628999999998
507.5128999999998
507.4696999999998
507.3798999999996
507.33629999999954
507.3503999999998
507.2210999999997
507.20289999999966
507.2799999999995
507.2763999999998
507.3613999999997
507.3123999999996
507.4291999999994
507.3979999999997
507.36279999999954
507.3923999999995
507.38489999999956
507.2101999999997
507.14559999999955
507.1528999999998
507.04179999999957
507.1362999999998
507.30829999999975
507.31569999999977
507.3807999999998
507.34039999999965
507.28439999999966
507.40369999999945
507.3911999999998
507.40819999999957
507.2059999999998
507.4498999999997
507.42619999999994
507.38619999999986
507.37169999999975
507.4528999999995
507.4523999999996
507.5420999999997
507.57719999999966
507.63599999999974
507.54679999999985
507.5124999999997
507.55939999999964
507.4561
507.4475999999998
507.4383999999996
507.4701999999997
507.3724999999997
507.38029999999975
507.4682999999997
507.3598999999998
507.5584999999995
507.4041999999996
507.3685999999993
507.34449999999947
507.35569999999956
507.4040999999996
507.48959999999994
507.5366999999996
507.4127999999998
507.4443999999998
507.30509999999964
507.36469999999974
507.4069999999994
507.40999999999985
507.59659999999997
507.57059999999984
507.5402999999998
507.61529999999965
507.61219999999975
507.64419999999984
507.5631999999998
507.5065999999996
507.47109999999964
507.5711999999996
507.50189999999964
507.4763
507.5925999999996
507.61589999999967
507.64029999999985
507.54799999999994
507.4010999999999